1   -0.05331099952771923 
2   -0.2987919724072532 
3   -1.3330998718854852 
4   -2.663454682696329 
5   -1.117319836388519 
6   -0.9549701695804003 
7   -3.671073502133782 
8   -4.204328309229073 
9   -4.282426603671828 
10   -2.3978496355570518 
11   -2.8374199208392987 
12   -3.2543279215296548 
13   -1.7655204618204807 
14   -5.003208471977118 
15   -3.365340504478846 
16   -3.8088929653007737 
17   -3.2555840936372658 
18   -3.8148167788032183 
19   -3.6923258707587463 
20   -4.416801631303654 
21   -3.9628689143879012 
22   -4.320137618675577 
23   -4.309464292605599 
24   -4.5310226524680575 
25   -4.9400260309357655 
26   -5.178976011812142 
27   -5.523443669990591 
28   -5.8634733273921364 
29   -6.4267643195075 
30   -6.887748531832593 
31   -7.76222072129116 
32   -50 
33   -0.26313756781611586 
34   -0.4417106704163247 
35   0.1379796932636581 
36   -0.9984690876321873 
37   -3.3032890002538613 
38   -1.5518650607087878 
39   -2.3200777307826934 
40   -2.501180933171945 
41   -4.220522832294318 
42   -2.9811030956238875 
43   -3.0356175265941383 
44   -3.815884557215226 
45   -4.109932028393839 
46   -4.281522241015631 
47   -4.558869171653191 
48   -4.731339135118245 
49   -4.919560623596775 
50   -5.293087790479149 
51   -5.6502842426059425 
52   -6.0428961018489975 
53   -6.702487251284609 
54   -7.389773978990723 
55   -50 
56   -2.5890103170764074 
57   -4.237037996444334 
58   -4.862675031590605 
59   0.23809780879508935 
60   -2.65195946790832 
61   -1.359590614172327 
62   -3.4951033664722178 
63   -2.7916099690824163 
64   -3.272973175017682 
65   -5.65491913047509 
66   -5.297028509926762 
67   -3.7842901400970814 
68   1.1381215580469375 
69   -7.930476967567433 
70   -3.8860736292026856 
71   0.2507718002136725 
72   -4.246637351418279 
73   -4.407811745849085 
74   -8.525729080556571 
75   -9.731759201673654 
76   -10.402727348250556 
77   -11.27703135334966 
78   -9.212549387734468 
79   0.962034264373897 
80   -1.65565394701552 
81   -7.247565511787662 
82   -9.059900004460507 
83   -4.002940244039693 
84   -1.4314458236382486 
85   -9.70876813145059 
86   -4.064350477869133 
87   -6.74265924029175 
88   -8.817039976196911 
89   0.5202741418569372 
90   -1.9351497552303565 
91   -0.17174716977099358 
92   1.8128101805241372 
93   -1.5222891214164367 
94   -10.653097079096245 
95   -5.891718418468397 
96   2.3786738485700942 
97   -2.6156823751481895 
98   2.710371854957203 
99   -6.600729052827811 
100   -6.548267782181558 
101   -2.5358227149058408 
102   -1.6485553002658198 
103   0.2772016942185058 
104   -5.8254792906344415 
105   0.6688669191376739 
106   1.3592490737089502 
107   -10.589755781841802 
108   -1.7026257503568498 
109   -9.68329143268075 
110   -7.534144177141398 
111   -4.025131108088775 
112   0.6712464864118064 
113   -1.6756382752844774 
114   -9.099431637179284 
115   -9.03605598393124 
116   -5.916410068433086 
117   1.1861396401047548 
118   -2.854447147581376 
119   -2.0238866789909844 
120   0.6444760470035358 
121   -2.36428717248453 
122   -0.663526435828012 
123   -1.2330305537340234 
124   -10.706442350405146 
125   -3.8083524250186844 
126   -3.863930598388475 
127   -8.533291948176718 
128   -4.920786993763469 
129   -8.668860076549688 
130   -3.617021287654937 
131   -10.383436807655837 
132   -0.7960445435758734 
133   -7.353740667017139 
134   -2.4163988282363977 
135   -7.383971900318028 
136   -1.0837475585758631 
137   -5.748786423231881 
138   -1.3659556928460828 
139   -2.268793600012977 
140   -11.225715134201064 
141   -5.916044389340414 
142   -2.6999373990436197 
143   -5.371529819355208 
144   -5.9343227648220065 
145   -3.7622810809822957 
146   -50 
147   3.1184477985432126 
148   3.763870210770941 
149   3.200339518589108 
150   2.7754130285029963 
151   1.6229662130550069 
152   0.6182671939997819 
153   -0.1823956437746852 
154   -1.1821746792078023 
155   -1.9560381912718978 
156   -4.501908694287501 
157   -3.3475480574369234 
158   -50 
159   4.345345411655876 
160   3.9380741588406263 
161   3.36372581736045 
162   3.000347743824734 
163   -0.42799549167537343 
164   1.4114086217968578 
165   0.7071135736887628 
166   -0.19820310482023062 
167   -1.5351965037134296 
168   -3.1617289109564046 
169   -2.714775356229192 
170   -4.207168938328708 
171   -50 
172   3.288598697870145 
173   3.773522021386631 
174   3.1237376934749532 
175   1.6894775037916974 
176   0.3980411362763321 
177   -0.3570665102825048 
178   -1.4399962872078977 
179   -2.2407632703519678 
180   -3.9376750632500013 
181   -50 
182   4.39461110399527 
183   3.7773631437612813 
184   3.2392415834133645 
185   2.2327652546700203 
186   0.900563080967709 
187   -0.29524949709988535 
188   -1.1797161541014205 
189   -1.9510379020424353 
190   -3.261232961498934 
191   -5.675465221454168 
192   -50 
193   4.393013202119668 
194   3.5497615327152197 
195   2.567962656866512 
196   0.7530231888574486 
197   -0.5764064166838985 
198   -1.6190721527848897 
199   -3.013827232330885 
200   -50 
